0 0.37565193521822676 0.6188143067123959 0.05682130112544606 0.024987751102400785
0 0.3177326379357672 0.6575208231259186 0.04940982706560527 0.11562959333659971
0 0.40845457040900357 0.6501714845663891 0.02113642602250892 0.0514453699167075
0 0.10032939884710404 0.7758451739343459 0.14356299752950866 0.13424791768740812
0 0.45484490804282185 0.9370406663400294 0.05462530881141916 0.11415972562469377
0 0.212325006862476 0.7153356197942186 0.022234422179522373 0.03184713375796178
0 0.278204776283283 0.6107300342969133 0.017567938512215206 0.017638412542871143
0 0.36027998902003844 0.5764331210191083 0.03486137798517705 0.057814796668299855
0 0.26996980510568214 0.6822635962763351 0.0771342300301949 0.09799118079372857
0 0.3208893768871809 0.5707986281234689 0.028822399121603073 0.02939735423811857
0 0.3287125995059017 0.6624203821656051 0.029096898160856435 0.060264576188143064
2 0.3989843535547626 0.5742283194512494 0.022783420258029097 0.03674669279764821