0 0.4416689541586604 0.6834884860362568 0.01976393082624211 0.033806957373836356
0 0.5481745813889651 0.9747672709456149 0.04007685973099094 0.03674669279764821
0 0.28410650562723033 0.6758941695247428 0.09305517430688992 0.14453699167074963
0 0.027998902003842988 0.9024987751102401 0.04940982706560527 0.023517883390494855
0 0.45978589074938236 0.6942675159235668 0.011803458687894593 0.015188633023027927
0 0.41929728245951137 0.6222439980401764 0.014548449080428218 0.04017638412542871
2 0.16620916826791107 0.8743263106320431 0.2555586055448806 0.2508574228319451
0 0.2452648915728795 0.6778539931406173 0.10485863299478451 0.14502694757471826
0 0.496980510568213 0.9171974522292994 0.047488333790831734 0.16217540421362078
0 0.04090035684875103 0.7337089661930426 0.07905572330496843 0.06222439980401764
2 0.39376887180894865 0.7523272905438511 0.04611583859456492 0.12101910828025478
0 0.33516332692835576 0.5595296423321902 0.011803458687894593 0.07986281234688879
0 0.1454844908042822 0.7207251347378736 0.09552566566017019 0.06320431161195493
0 0.08138896513862201 0.7405683488486037 0.0697227559703541 0.05046545810877021
0 0.37867142465001374 0.5965213130818227 0.013999451001921494 0.02792748652621264