1 0.3795890410958904 0.8202054794520548 0.019726027397260273 0.018590998043052837
0 0.469041095890411 0.7409491193737769 0.016712328767123287 0.036203522504892366
0 0.30794520547945203 0.690068493150685 0.015068493150684932 0.02299412915851272
0 0.12356164383561644 0.9231898238747553 0.03232876712328767 0.15019569471624267
0 0.4112328767123288 0.8035714285714286 0.009315068493150684 0.03228962818003914
2 0.26808219178082193 0.684931506849315 0.08383561643835616 0.10273972602739725
0 0.313013698630137 0.8732876712328768 0.03616438356164384 0.10909980430528375
0 0.08054794520547945 0.797945205479452 0.013972602739726028 0.02446183953033268
0 0.15041095890410958 0.8253424657534246 0.017534246575342465 0.0958904109589041
1 0.4284931506849315 0.7974559686888454 0.03780821917808219 0.01908023483365949
0 0.2193150684931507 0.9515655577299413 0.03287671232876712 0.08659491193737769
1 0.4097260273972603 0.7064579256360078 0.09342465753424657 0.030332681017612523
0 0.3287671232876712 0.9579256360078278 0.01315068493150685 0.07876712328767123
0 0.2758904109589041 0.776174168297456 0.018356164383561645 0.03962818003913894