0 0.32706560527038153 0.5989710926016658 0.027175404886082898 0.026947574718275354
0 0.25075487235794675 0.9779519843214111 0.0337633818281636 0.034296913277805
2 0.4381004666483667 0.5965213130818227 0.028822399121603073 0.03331700146986771
2 0.43137524018665935 0.8167564919157276 0.1100741147405984 0.36452719255267024
1 0.25075487235794675 0.9333659970602646 0.04227285204501784 0.03674669279764821
1 0.2650288223991216 0.8588926996570309 0.039253362613230855 0.021068103870651642
1 0.3748284381004666 0.6224889759921607 0.18363985726049958 0.017638412542871143
0 0.23812791655229207 0.6780989710926016 0.08893768871808949 0.08721215090641843
0 0.2928904748833379 0.7765801077902988 0.07027175404886082 0.13277804997550222
0 0.524155915454296 0.8547280744732974 0.03568487510293714 0.14208721215090642
0 0.3620642327751853 0.5661440470357668 0.06423277518528685 0.02645761881430671
0 0.2695580565468021 0.6197942185203331 0.026900905846829536 0.01567858892699657
0 0.39665111172110895 0.6060754532092112 0.008509470216854241 0.016658500734933857
0 0.0778204776283283 0.9554140127388535 0.12654405709580016 0.082312591866732
0 0.20010979961570136 0.8684468397844194 0.11254460609387867 0.12150906418422341
0 0.18734559429041997 0.6896129348358647 0.1100741147405984 0.09554140127388536
0 0.40214109250617625 0.5573248407643312 0.037331869338457314 0.030867221950024497
0 0.09332967334614328 0.8165115139637432 0.18665934669228657 0.16854483096521314