0 0.35876712328767124 0.6355185909980431 0.012602739726027398 0.018101761252446183
0 0.39 0.7592954990215264 0.023561643835616437 0.25097847358121333
0 0.3768493150684932 0.6088551859099804 0.0073972602739726025 0.010273972602739725
0 0.3731506849315068 0.6240215264187867 0.004931506849315068 0.011252446183953033
0 0.37383561643835617 0.6374755381604696 0.008493150684931507 0.011252446183953033
0 0.31246575342465754 0.6113013698630136 0.010958904109589041 0.022504892367906065
1 0.3693150684931507 0.6550880626223092 0.15561643835616437 0.017123287671232876
0 0.2547945205479452 0.6783268101761253 0.04082191780821918 0.062133072407045006
0 0.09136986301369864 0.7157534246575342 0.16821917808219178 0.14530332681017613
4 0.3647945205479452 0.6196183953033269 0.006575342465753425 0.009295499021526418
0 0.3217808219178082 0.5772994129158513 0.027123287671232878 0.04256360078277886