1 0.2574800988196541 0.945124938755512 0.5017842437551469 0.053405193532582065
0 0.28218501235245674 0.6389024987751103 0.011803458687894593 0.020088192062714356
0 0.4359044743343398 0.6599706026457619 0.004940982706560527 0.017638412542871143
0 0.5097447158934943 0.9164625183733464 0.08125171561899533 0.1670749632533072
0 0.4109250617622838 0.581577658010779 0.014822948119681581 0.040666340029397355
0 0.3826516607191875 0.5982361587457129 0.026077408729069447 0.06614404703576678
0 0.28149876475432334 0.7383635472807447 0.0771342300301949 0.1489465948064674
0 0.4787263244578644 0.7214600685938266 0.03266538567115015 0.036256736893679566
1 0.337222069722756 0.6411073003429691 0.11227010705462531 0.033806957373836356
0 0.21287400494098271 0.8525232729054385 0.04831183090859182 0.08329250367466928
0 0.38512215207246775 0.644047035766781 0.011803458687894593 0.028907398334149927
0 0.4481196815811145 0.6954924056834885 0.008509470216854241 0.039196472317491425
0 0.45113917101290146 0.8444390004899559 0.03486137798517705 0.05732484076433121
0 0.09593741421905023 0.8576678098971092 0.19187482843810047 0.22243998040176385
0 0.4110623112819105 0.9669279764821166 0.01262695580565468 0.061734443900048994
0 0.3568487510293714 0.7858892699657031 0.0293713972001098 0.07055365017148457
0 0.37949492176777383 0.8682018618324351 0.027175404886082898 0.10093091621754043
0 0.16511117211089762 0.9524742773150416 0.04666483667307164 0.08868201861832435
0 0.2554213560252539 0.6739343459088682 0.04007685973099094 0.04017638412542871
0 0.42259127093055177 0.6168544830965214 0.012077957727147955 0.02939735423811857
0 0.3412023057919297 0.6183243508084273 0.021410925061762284 0.030377266046055854
0 0.47845182541861103 0.802547770700637 0.10321163875926434 0.15531602155805976
0 0.42643425748009883 0.7361587457128859 0.03842986549547077 0.1293483586477217
0 0.1269558056546802 0.7716805487506124 0.05380181169365907 0.05732484076433121