0 0.43700247049135327 0.9358157765801078 0.03513587702443041 0.12444879960803527
0 0.49972550096074664 0.8900048995590397 0.03897886357397749 0.21656050955414013
0 0.4773538292615976 0.5467907888290053 0.016469942355201758 0.012738853503184714
0 0.06011528959648641 0.8030377266046056 0.11281910513313204 0.08966193042626164
0 0.4442766950315674 0.5534051935325821 0.04611583859456492 0.02792748652621264
0 0.33969256107603624 0.6788339049485547 0.10101564644523744 0.0984811366976972
0 0.39020038429865495 0.5776580107790299 0.055997804007685975 0.046055854973052424
0 0.44990392533626133 0.6712395884370407 0.021410925061762284 0.04654581087702107
0 0.34902552841065054 0.6151396374326311 0.02305791929728246 0.026947574718275354
0 0.409140818007137 0.6031357177853993 0.017018940433708482 0.02939735423811857
2 0.44619818830634095 0.6119549240568349 0.04090035684875103 0.06908378245957864
0 0.1579741970903102 0.7616364527192553 0.08180071369750205 0.07398334149926507
0 0.06011528959648641 0.8588926996570309 0.11391710129014548 0.1259186673199412
0 0.3000274499039253 0.5994610485056345 0.05188031841888553 0.06712395884370406