0 0.3932876712328767 0.7135518590998043 0.015068493150684932 0.024951076320939333
0 0.4261643835616438 0.5978473581213307 0.004657534246575342 0.016634050880626222
0 0.16219178082191782 0.675146771037182 0.04191780821917808 0.02837573385518591
0 0.42219178082191783 0.9706457925636007 0.015616438356164384 0.05870841487279843
0 0.12575342465753425 0.9390900195694716 0.06876712328767123 0.1149706457925636
0 0.30205479452054795 0.610812133072407 0.022465753424657533 0.08806262230919765
0 0.41657534246575345 0.7685909980430529 0.0136986301369863 0.16389432485322897
0 0.45136986301369864 0.6822407045009785 0.011780821917808219 0.02446183953033268
0 0.44945205479452055 0.9114481409001957 0.028767123287671233 0.17221135029354206
0 0.41657534246575345 0.8764677103718199 0.01726027397260274 0.05039138943248532
0 0.41 0.6342954990215264 0.025753424657534246 0.09637964774951076
0 0.06876712328767123 0.7685909980430529 0.13643835616438357 0.13160469667318983