2 0.37931506849315066 0.863013698630137 0.12164383561643835 0.2705479452054795
0 0.10575342465753425 0.9204990215264188 0.09835616438356165 0.15704500978473582
0 0.329041095890411 0.5609099804305284 0.0073972602739726025 0.014677103718199608
1 0.17342465753424657 0.7548923679060665 0.10191780821917808 0.04892367906066536
1 0.28328767123287674 0.6988747553816047 0.36684931506849316 0.027886497064579255
0 0.39534246575342463 0.5998043052837574 0.019178082191780823 0.01761252446183953
1 0.4 0.639921722113503 0.08191780821917809 0.009295499021526418
0 0.3017808219178082 0.8940802348336595 0.03232876712328767 0.11399217221135029
0 0.41726027397260274 0.6484833659491194 0.01589041095890411 0.05626223091976516
0 0.3582191780821918 0.5753424657534246 0.008767123287671232 0.015166340508806261
1 0.2810958904109589 0.6254892367906066 0.19041095890410958 0.016634050880626222
0 0.29424657534246573 0.7820450097847358 0.047397260273972605 0.11154598825831702
1 0.35205479452054794 0.6594911937377691 0.03232876712328767 0.01761252446183953
1 0.4689041095890411 0.8111545988258317 0.08465753424657534 0.020058708414872797
0 0.3701369863013699 0.5567514677103719 0.0073972602739726025 0.03131115459882583