0 0.3237716167993412 0.5720235178833905 0.010705462530881142 0.034296913277805
0 0.25061762283832006 0.8625673689367956 0.11583859456491902 0.18226359627633512
0 0.29755695855064507 0.5293973542381186 0.01262695580565468 0.015188633023027927
0 0.2624210815262147 0.5950514453699167 0.013999451001921494 0.012738853503184714
0 0.23071644249245127 0.6026457618814307 0.013999451001921494 0.011268985791278784
0 0.055997804007685975 0.9164625183733464 0.10732912434806478 0.1567858892699657
2 0.1917375789184738 0.6349828515433611 0.0653307713423003 0.05585497305242528
0 0.37331869338457313 0.6053405193532582 0.013999451001921494 0.03184713375796178
0 0.34984902552841063 0.6024007839294464 0.007136975020587428 0.040666340029397355
0 0.022508921218775735 0.7753552180303772 0.04501784243755147 0.0514453699167075
0 0.3664562174032391 0.624938755512004 0.007960472138347515 0.027437530622243998
0 0.2047762832830085 0.9755022048015679 0.07493823771616799 0.043606075453209214
0 0.33392808125171564 0.780499755022048 0.05188031841888553 0.12346888780009799
0 0.3465550370573703 0.5519353258206762 0.009607466373867692 0.013718765311121999
0 0.2723030469393357 0.5700636942675159 0.01894043370848202 0.022048015678588925
0 0.2707933022234422 0.5450759431651151 0.015371946198188307 0.015188633023027927
1 0.29769420807027175 0.5414012738853503 0.014822948119681581 0.012738853503184714
0 0.12421081526214658 0.6847133757961783 0.07164424924512765 0.05879470847623714
1 0.2357946747186385 0.855952964233219 0.06258578094976668 0.02596766291033807
0 0.35286851496019767 0.7008819206271436 0.016195443315948393 0.02792748652621264
0 0.37647543233598685 0.6805487506124449 0.024430414493549272 0.05193532582067614
0 0.35231951688169094 0.9593336599706026 0.031018391435629976 0.07643312101910828
0 0.35451550919571784 0.6555609995100441 0.010156464452374416 0.028907398334149927
0 0.36220148229481197 0.5663890249877511 0.01976393082624211 0.023027927486526212
2 0.24485314301399946 0.5788829005389515 0.028822399121603073 0.0240078392944635
1 0.3582212462256382 0.8500734933855953 0.07027175404886082 0.016168544830965213