0 0.4928767123287671 0.8483365949119374 0.011232876712328766 0.03962818003913894
0 0.44753424657534246 0.6734344422700587 0.04 0.062133072407045006
0 0.4983561643835616 0.9366438356164384 0.007945205479452055 0.03767123287671233
0 0.41863013698630136 0.5941780821917808 0.012328767123287671 0.03522504892367906
0 0.41753424657534244 0.5613992172211351 0.013972602739726028 0.03131115459882583
0 0.42273972602739723 0.625 0.009589041095890411 0.020058708414872797
0 0.4415068493150685 0.6142367906066536 0.015068493150684932 0.0273972602739726
1 0.4605479452054794 0.613013698630137 0.024657534246575342 0.006360078277886497
0 0.44123287671232875 0.7727495107632094 0.028219178082191782 0.1487279843444227
1 0.4158904109589041 0.6384540117416829 0.14657534246575343 0.011741682974559686
0 0.47876712328767124 0.8006360078277887 0.010410958904109589 0.043052837573385516