0 0.2679110623112819 0.6393924546790789 0.022234422179522373 0.02253797158255757
1 0.33667307164424926 0.8936795688388045 0.14219050233324185 0.02449779519843214
0 0.47117760087839694 0.807937285644292 0.07521273675542135 0.3753062224399804
0 0.4046115838594565 0.6898579127878491 0.021410925061762284 0.10387065164135229
1 0.11446609936865221 0.8265556099951005 0.22893219873730442 0.056344928956393925
0 0.46678561625034315 0.6736893679568838 0.01262695580565468 0.02596766291033807
0 0.5828987098545155 0.9576188143067124 0.045566840516058194 0.07741303282704556
0 0.2591270930551743 0.6746692797648212 0.024430414493549272 0.02596766291033807
0 0.17279714520999176 0.7094561489465948 0.07109525116662092 0.04556589906908378
1 0.37029920395278615 0.7672709456148946 0.05984079055723305 0.023517883390494855
0 0.4120230579192973 0.8838804507594317 0.023881416415042548 0.2322390984811367
1 0.3259676091133681 0.6031357177853993 0.0609387867142465 0.025477707006369428
0 0.424650013724952 0.610485056344929 0.01592094427669503 0.05438510534051935