0 0.44921767773812793 0.6788339049485547 0.026626406807576174 0.030377266046055854
0 0.3516332692835575 0.5583047525722685 0.0032939884710403516 0.008329250367466928
1 0.4359044743343398 0.7008819206271436 0.047488333790831734 0.006859382655560999
0 0.3499862750480373 0.6141597256246938 0.007960472138347515 0.0240078392944635
0 0.3700247049135328 0.5590396864282214 0.009607466373867692 0.018618324350808426
1 0.35588800439198465 0.580107790298873 0.026626406807576174 0.006859382655560999
0 0.4623936316222893 0.7341989220970113 0.0675267636563272 0.12346888780009799
1 0.3465550370573703 0.5700636942675159 0.010156464452374416 0.012738853503184714
0 0.42698325555860556 0.6166095051445369 0.032116387592643424 0.023027927486526212
1 0.3950041174855888 0.6322880940715335 0.10842712050507823 0.0240078392944635
0 0.33008509470216857 0.6754042136207742 0.014822948119681581 0.03576678098971093
0 0.43508097721657973 0.6521313081822636 0.019214932747735385 0.020088192062714356
1 0.4203952786165248 0.5886820186183244 0.01564644523744167 0.0034296913277804997
1 0.5395278616524842 0.9681528662420382 0.04309634916277793 0.014208721215090642
0 0.06272303046939336 0.8165115139637432 0.12462256382102663 0.1283684468397844
1 0.4040625857809498 0.5737383635472807 0.04501784243755147 0.014208721215090642
0 0.3222618720834477 0.5676139147476728 0.009607466373867692 0.024987751102400785
0 0.40570958001646995 0.6046055854973053 0.007136975020587428 0.018618324350808426
1 0.4224540214109251 0.5948064674179324 0.020587427944002194 0.004409603135717786
1 0.36741696404062585 0.8040176384125429 0.028822399121603073 0.0102890739833415
0 0.49807850672522647 0.8941695247427731 0.04611583859456492 0.20970112689857912