0 0.2915068493150685 0.6577788649706457 0.07753424657534247 0.14530332681017613
0 0.4658904109589041 0.975293542074364 0.020273972602739727 0.04794520547945205
0 0.08602739726027397 0.8140900195694716 0.17068493150684932 0.1149706457925636
0 0.4487671232876712 0.6812622309197651 0.008493150684931507 0.02592954990215264
0 0.4089041095890411 0.547945205479452 0.004931506849315068 0.02592954990215264
0 0.49246575342465754 0.8571428571428571 0.08273972602739726 0.2857142857142857
0 0.4386301369863014 0.9058219178082192 0.02684931506849315 0.15264187866927592
1 0.28493150684931506 0.7725048923679061 0.11424657534246575 0.08072407045009784
0 0.3975342465753425 0.5462328767123288 0.004383561643835616 0.022504892367906065
0 0.12712328767123288 0.9545009784735812 0.04986301369863014 0.0821917808219178
2 0.4042465753424658 0.5136986301369864 0.014794520547945205 0.0474559686888454
0 0.3594520547945205 0.5371819960861057 0.012054794520547946 0.034735812133072405
0 0.4161643835616438 0.5858610567514677 0.013424657534246575 0.053816046966731895
0 0.4282191780821918 0.6565557729941291 0.05041095890410959 0.12573385518591