0 0.33794520547945206 0.7345890410958904 0.04547945205479452 0.10909980430528375
1 0.24424657534246574 0.8052837573385518 0.13917808219178082 0.024951076320939333
0 0.4593150684931507 0.6201076320939335 0.007123287671232876 0.021037181996086105
0 0.46493150684931506 0.6501956947162426 0.007123287671232876 0.01908023483365949
0 0.49547945205479454 0.7426614481409002 0.03890410958904109 0.1404109589041096
0 0.4487671232876712 0.8512720156555773 0.03945205479452055 0.08561643835616438
2 0.34712328767123285 0.8189823874755382 0.07616438356164383 0.074853228962818
1 0.2693150684931507 0.8554305283757339 0.10027397260273972 0.06360078277886497
0 0.4536986301369863 0.5922211350293543 0.006027397260273973 0.01614481409001957
0 0.526986301369863 0.8894324853228963 0.06547945205479452 0.16536203522504891
0 0.4108219178082192 0.9408023483365949 0.023013698630136987 0.11839530332681017
0 0.44054794520547946 0.9386007827788649 0.03232876712328767 0.10420743639921722
0 0.4026027397260274 0.7015655577299413 0.02547945205479452 0.14187866927592954
1 0.39794520547945206 0.8581213307240705 0.03205479452054794 0.031800391389432484