0 0.39863013698630134 0.6450587084148728 0.009863013698630137 0.036203522504892366
0 0.4084931506849315 0.5452544031311155 0.004657534246575342 0.014187866927592954
0 0.42424657534246574 0.9765166340508806 0.012328767123287671 0.04354207436399217
0 0.33657534246575344 0.6888454011741683 0.03534246575342466 0.0812133072407045
0 0.22054794520547946 0.6325831702544031 0.01589041095890411 0.01223091976516634
0 0.3119178082191781 0.8747553816046967 0.010410958904109589 0.07045009784735812
0 0.42315068493150687 0.6712328767123288 0.012602739726027398 0.03424657534246575
0 0.3841095890410959 0.8118884540117417 0.018356164383561645 0.05724070450097847
0 0.3993150684931507 0.9087573385518591 0.03397260273972603 0.11692759295499021
0 0.41178082191780824 0.6149706457925636 0.006575342465753425 0.0611545988258317
0 0.34054794520547943 0.6367416829745597 0.013972602739726028 0.02446183953033268
0 0.43246575342465754 0.8052837573385518 0.038082191780821915 0.08414872798434442
0 0.3993150684931507 0.5993150684931506 0.007123287671232876 0.03228962818003914
0 0.32794520547945205 0.800880626223092 0.016986301369863014 0.06898238747553816
0 0.346986301369863 0.7519569471624267 0.010684931506849316 0.0547945205479452
0 0.4123287671232877 0.5738747553816047 0.007123287671232876 0.018101761252446183
0 0.35027397260273974 0.9319960861056752 0.02958904109589041 0.13454011741682975
0 0.29315068493150687 0.7610078277886497 0.01589041095890411 0.02592954990215264
1 0.28 0.8718199608610567 0.553972602739726 0.07974559686888454
0 0.16753424657534247 0.6602250489236791 0.018904109589041096 0.015166340508806261
0 0.11863013698630137 0.7289628180039139 0.2002739726027397 0.16389432485322897
0 0.3628767123287671 0.6159491193737769 0.011780821917808219 0.022504892367906065