4 0.03477722772277228 0.8049140049140049 0.02400990099009901 0.025552825552825554
4 0.1452970297029703 0.6660933660933661 0.032673267326732675 0.04815724815724816
4 0.07599009900990099 0.757002457002457 0.020297029702970298 0.026044226044226043
1 0.29727722772277226 0.5862407862407862 0.06262376237623762 0.0063882063882063885
0 0.40779702970297027 0.714987714987715 0.06212871287128713 0.16265356265356265
0 0.4809405940594059 0.8557739557739558 0.048514851485148516 0.11891891891891893
0 0.34938118811881186 0.5388206388206388 0.005940594059405941 0.04078624078624079
0 0.31386138613861386 0.8555282555282555 0.020297029702970298 0.0800982800982801
0 0.36435643564356435 0.5980343980343981 0.02277227722772277 0.07076167076167077
4 0.10433168316831683 0.7196560196560197 0.02400990099009901 0.029975429975429974
1 0.298019801980198 0.597051597051597 0.055693069306930694 0.008353808353808353
0 0.32524752475247526 0.6557739557739558 0.010396039603960397 0.02800982800982801